0 2 0 0 100 0     0 3 13.1 4.37974 4.45797 0.01    1 3 9.8 3.71166 4.39663 0.01
0 2 0 14.192 101.762 0     0 5 12.7088 12.2548 4.31605 3.08499    1 3 9.79461 5.35858 4.35338 0.01
0 3 3 14.2085 101.777 0     0 5 12.7057 40.9264 4.0528 3.09063    1 3 9.79457 5.36202 4.3533 0.01
0 2 3 14.2207 421.106 0     0 10 3.09478 0.566582 4.90839 0    1 3 19.3351 6.58804 4.50951 0.01
0 3 3 15.9157 454.278 0     0 11 2.24032 110.139 3.65895 2.01161    1 3 19.3889 7.50293 4.4973 0.01
0 2 3 16.1041 523.199 0.0379517     0 16 1.26192 2.01032e-05 6.91502 1.26192    1 3 19.5053 7.67153 4.49604 0.01
0 2 3 19.7194 555.662 0.0379517     0 17 1.26192 2.01032e-05 6.57231 1.26192    1 5 18.292 16.6072 4.38785 5.64544
0 3 4 19.7287 555.143 0     0 16 1.26192 2.01032e-05 3.80172 1.26192    1 5 18.2821 336.75 3.73407 5.65693
0 2 4 19.7287 1.97529 0     0 18 1.26193 2.01032e-05 3.80172 1.26192    1 10 5.65693 0.856013 4.99116 0
0 3 3 20.4828 2.64845 0     0 16 1.26192 2.01032e-05 6.61671 1.26192    1 11 3.87922 3.09341 4.608 3.67701
0 2 3 20.5666 27.0805 0.917772     0 17 1.26198 2.01029e-05 6.91509 1.26198    1 17 1.3134 1.98371e-05 6.91454 1.3134
0 2 3 100 27.0805 0.917772     0 17 1.26198 2.01029e-05 6.91509 1.26198    1 18 1.3134 1.98371e-05 6.91454 1.3134
