  G(x,y) = a + b*x + c*y +d*x*y
  a   8.01882E+00   b -1.85909E+00   c -1.02948E-01   d  1.41617E-02
  x = T, y=logg
  Fit quality =  1.84532E-01
  G(x,y) = a + b*x + c*y +d*x*y
  a   1.12850E+01   b -1.78268E+01   c -1.59894E-01   d  1.89352E-01
  x = logT, y=logg
  Fit quality =  1.63513E-01
441
3.447   .00    3.126
3.447   .50    2.999
3.447  1.00    2.871
3.447  1.50    2.744
3.447  2.00    2.617
3.447  2.50    2.490
3.447  3.00    2.363
3.447  3.50    2.236
3.447  4.00    2.108
3.447  4.50    1.981
3.447  5.00    1.854
3.447  5.50    1.727
3.447  6.00    1.600
3.477   .00    2.785
3.477   .50    2.679
3.477  1.00    2.573
3.477  1.50    2.466
3.477  2.00    2.360
3.477  2.50    2.254
3.477  3.00    2.147
3.477  3.50    2.041
3.477  4.00    1.934
3.477  4.50    1.828
3.477  5.00    1.722
3.477  5.50    1.615
3.477  6.00    1.509
3.512   .00    2.395
3.512   .50    2.314
3.512  1.00    2.233
3.512  1.50    2.153
3.512  2.00    2.073
3.512  2.50    1.992
3.512  3.00    1.912
3.512  3.50    1.831
3.512  4.00    1.751
3.512  4.50    1.670
3.512  5.00    1.590
3.512  5.50    1.509
3.512  6.00    1.428
3.544   .00    2.041
3.544   .50    1.984
3.544  1.00    1.927
3.544  1.50    1.870
3.544  2.00    1.813
3.544  2.50    1.757
3.544  3.00    1.700
3.544  3.50    1.643
3.544  4.00    1.586
3.544  4.50    1.529
3.544  5.00    1.472
3.544  5.50    1.415
3.544  6.00    1.358
3.574   .00    1.704
3.574   .50    1.677
3.574  1.00    1.649
3.574  1.50    1.620
3.574  2.00    1.589
3.574  2.50    1.558
3.574  3.00    1.526
3.574  3.50    1.493
3.574  4.00    1.459
3.574  4.50    1.424
3.574  5.00    1.390
3.574  5.50    1.356
3.574  6.00    1.321
3.602   .00    1.436
3.602   .50    1.423
3.602  1.00    1.411
3.602  1.50    1.398
3.602  2.00    1.385
3.602  2.50    1.372
3.602  3.00    1.359
3.602  3.50    1.345
3.602  4.00    1.331
3.602  4.50    1.317
3.602  5.00    1.303
3.602  5.50    1.289
3.602  6.00    1.274
3.628   .00    1.380
3.628   .50    1.324
3.628  1.00    1.278
3.628  1.50    1.242
3.628  2.00    1.219
3.628  2.50    1.201
3.628  3.00    1.192
3.628  3.50    1.193
3.628  4.00    1.198
3.628  4.50    1.206
3.628  5.00    1.214
3.628  5.50    1.225
3.628  6.00    1.237
3.653   .00    1.468
3.653   .50    1.336
3.653  1.00    1.230
3.653  1.50    1.149
3.653  2.00    1.097
3.653  2.50    1.061
3.653  3.00    1.047
3.653  3.50    1.056
3.653  4.00    1.078
3.653  4.50    1.104
3.653  5.00    1.134
3.653  5.50    1.169
3.653  6.00    1.209
3.699   .00    1.294
3.699   .50    1.150
3.699  1.00    1.035
3.699  1.50     .946
3.699  2.00     .888
3.699  2.50     .850
3.699  3.00     .838
3.699  3.50     .853
3.699  4.00     .883
3.699  4.50     .919
3.699  5.00     .963
3.699  5.50    1.015
3.699  6.00    1.076
3.740   .00     .839
3.740   .50     .781
3.740  1.00     .733
3.740  1.50     .697
3.740  2.00     .670
3.740  2.50     .657
3.740  3.00     .660
3.740  3.50     .680
3.740  4.00     .708
3.740  4.50     .741
3.740  5.00     .784
3.740  5.50     .834
3.740  6.00     .893
3.778   .00     .398
3.778   .50     .422
3.778  1.00     .440
3.778  1.50     .455
3.778  2.00     .462
3.778  2.50     .473
3.778  3.00     .491
3.778  3.50     .516
3.778  4.00     .545
3.778  4.50     .577
3.778  5.00     .615
3.778  5.50     .659
3.778  6.00     .708
3.813   .00     .111
3.813   .50     .170
3.813  1.00     .220
3.813  1.50     .263
3.813  2.00     .296
3.813  2.50     .326
3.813  3.00     .356
3.813  3.50     .385
3.813  4.00     .415
3.813  4.50     .445
3.813  5.00     .477
3.813  5.50     .510
3.813  6.00     .544
3.845   .00     .046
3.845   .50     .067
3.845  1.00     .095
3.845  1.50     .128
3.845  2.00     .171
3.845  2.50     .214
3.845  3.00     .252
3.845  3.50     .287
3.845  4.00     .318
3.845  4.50     .347
3.845  5.00     .376
3.845  5.50     .403
3.845  6.00     .430
3.875   .00     .122
3.875   .50     .064
3.875  1.00     .037
3.875  1.50     .033
3.875  2.00     .069
3.875  2.50     .111
3.875  3.00     .155
3.875  3.50     .197
3.875  4.00     .235
3.875  4.50     .268
3.875  5.00     .301
3.875  5.50     .333
3.875  6.00     .364
3.903   .00     .253
3.903   .50     .114
3.903  1.00     .027
3.903  1.50    -.020
3.903  2.00    -.004
3.903  2.50     .029
3.903  3.00     .069
3.903  3.50     .113
3.903  4.00     .158
3.903  4.50     .197
3.903  5.00     .238
3.903  5.50     .278
3.903  6.00     .319
3.929   .00     .380
3.929   .50     .182
3.929  1.00     .048
3.929  1.50    -.035
3.929  2.00    -.042
3.929  2.50    -.023
3.929  3.00     .007
3.929  3.50     .045
3.929  4.00     .088
3.929  4.50     .130
3.929  5.00     .176
3.929  5.50     .225
3.929  6.00     .276
3.954   .00     .450
3.954   .50     .227
3.954  1.00     .070
3.954  1.50    -.032
3.954  2.00    -.056
3.954  2.50    -.051
3.954  3.00    -.033
3.954  3.50    -.004
3.954  4.00     .031
3.954  4.50     .069
3.954  5.00     .116
3.954  5.50     .171
3.954  6.00     .234
3.978   .00     .461
3.978   .50     .236
3.978  1.00     .076
3.978  1.50    -.032
3.978  2.00    -.065
3.978  2.50    -.070
3.978  3.00    -.061
3.978  3.50    -.041
3.978  4.00    -.014
3.978  4.50     .018
3.978  5.00     .065
3.978  5.50     .124
3.978  6.00     .196
4.000   .00     .451
4.000   .50     .229
4.000  1.00     .070
4.000  1.50    -.039
4.000  2.00    -.075
4.000  2.50    -.085
4.000  3.00    -.082
4.000  3.50    -.068
4.000  4.00    -.047
4.000  4.50    -.019
4.000  5.00     .028
4.000  5.50     .088
4.000  6.00     .165
4.041   .00     .425
4.041   .50     .207
4.041  1.00     .050
4.041  1.50    -.059
4.041  2.00    -.096
4.041  2.50    -.110
4.041  3.00    -.112
4.041  3.50    -.105
4.041  4.00    -.091
4.041  4.50    -.068
4.041  5.00    -.027
4.041  5.50     .027
4.041  6.00     .098
4.079   .00     .412
4.079   .50     .192
4.079  1.00     .033
4.079  1.50    -.077
4.079  2.00    -.116
4.079  2.50    -.130
4.079  3.00    -.134
4.079  3.50    -.129
4.079  4.00    -.119
4.079  4.50    -.101
4.079  5.00    -.070
4.079  5.50    -.029
4.079  6.00     .025
4.114   .00     .403
4.114   .50     .183
4.114  1.00     .023
4.114  1.50    -.091
4.114  2.00    -.132
4.114  2.50    -.148
4.114  3.00    -.152
4.114  3.50    -.148
4.114  4.00    -.139
4.114  4.50    -.124
4.114  5.00    -.100
4.114  5.50    -.069
4.114  6.00    -.029
4.146   .00     .395
4.146   .50     .175
4.146  1.00     .015
4.146  1.50    -.100
4.146  2.00    -.145
4.146  2.50    -.164
4.146  3.00    -.169
4.146  3.50    -.165
4.146  4.00    -.156
4.146  4.50    -.142
4.146  5.00    -.122
4.146  5.50    -.096
4.146  6.00    -.063
4.176   .00     .387
4.176   .50     .167
4.176  1.00     .007
4.176  1.50    -.108
4.176  2.00    -.155
4.176  2.50    -.178
4.176  3.00    -.184
4.176  3.50    -.181
4.176  4.00    -.172
4.176  4.50    -.159
4.176  5.00    -.140
4.176  5.50    -.117
4.176  6.00    -.088
4.204   .00     .380
4.204   .50     .160
4.204  1.00     .000
4.204  1.50    -.115
4.204  2.00    -.163
4.204  2.50    -.190
4.204  3.00    -.197
4.204  3.50    -.194
4.204  4.00    -.185
4.204  4.50    -.173
4.204  5.00    -.156
4.204  5.50    -.136
4.204  6.00    -.111
4.255   .00     .367
4.255   .50     .147
4.255  1.00    -.013
4.255  1.50    -.128
4.255  2.00    -.176
4.255  2.50    -.206
4.255  3.00    -.217
4.255  3.50    -.214
4.255  4.00    -.206
4.255  4.50    -.194
4.255  5.00    -.180
4.255  5.50    -.162
4.255  6.00    -.141
4.301   .00     .355
4.301   .50     .135
4.301  1.00    -.025
4.301  1.50    -.140
4.301  2.00    -.188
4.301  2.50    -.214
4.301  3.00    -.228
4.301  3.50    -.226
4.301  4.00    -.218
4.301  4.50    -.206
4.301  5.00    -.191
4.301  5.50    -.173
4.301  6.00    -.151
4.352   .00     .342
4.352   .50     .122
4.352  1.00    -.038
4.352  1.50    -.153
4.352  2.00    -.201
4.352  2.50    -.235
4.352  3.00    -.235
4.352  3.50    -.241
4.352  4.00    -.238
4.352  4.50    -.231
4.352  5.00    -.203
4.352  5.50    -.185
4.352  6.00    -.162
4.398   .00     .330
4.398   .50     .110
4.398  1.00    -.050
4.398  1.50    -.165
4.398  2.00    -.213
4.398  2.50    -.248
4.398  3.00    -.248
4.398  3.50    -.257
4.398  4.00    -.255
4.398  4.50    -.250
4.398  5.00    -.213
4.398  5.50    -.195
4.398  6.00    -.172
4.477   .00     .310
4.477   .50     .090
4.477  1.00    -.070
4.477  1.50    -.185
4.477  2.00    -.233
4.477  2.50    -.281
4.477  3.00    -.281
4.477  3.50    -.281
4.477  4.00    -.286
4.477  4.50    -.282
4.477  5.00    -.247
4.477  5.50    -.229
4.477  6.00    -.206
4.544   .00     .293
4.544   .50     .073
4.544  1.00    -.087
4.544  1.50    -.202
4.544  2.00    -.250
4.544  2.50    -.281
4.544  3.00    -.281
4.544  3.50    -.281
4.544  4.00    -.298
4.544  4.50    -.304
4.544  5.00    -.274
4.544  5.50    -.256
4.544  6.00    -.233
4.602   .00     .278
4.602   .50     .058
4.602  1.00    -.102
4.602  1.50    -.217
4.602  2.00    -.265
4.602  2.50    -.305
4.602  3.00    -.305
4.602  3.50    -.305
4.602  4.00    -.305
4.602  4.50    -.311
4.602  5.00    -.284
4.602  5.50    -.266
4.602  6.00    -.243
4.653   .00     .265
4.653   .50     .045
4.653  1.00    -.115
4.653  1.50    -.230
4.653  2.00    -.278
4.653  2.50    -.318
4.653  3.00    -.318
4.653  3.50    -.318
4.653  4.00    -.318
4.653  4.50    -.318
4.653  5.00    -.292
4.653  5.50    -.274
4.653  6.00    -.251
4.699   .00     .253
4.699   .50     .033
4.699  1.00    -.127
4.699  1.50    -.242
4.699  2.00    -.290
4.699  2.50    -.324
4.699  3.00    -.324
4.699  3.50    -.324
4.699  4.00    -.324
4.699  4.50    -.324
4.699  5.00    -.298
4.699  5.50    -.280
4.699  6.00    -.257