  G(x,y) = a + b*x + c*y +d*x*y
  a   6.22927E+00   b -1.95371E+00   c -8.74188E-02   d  3.04332E-02
  Fit quality =  1.65948E+00
441
3.447   .00  -5.006
3.447   .50  -4.855
3.447  1.00  -4.703
3.447  1.50  -4.551
3.447  2.00  -4.400
3.447  2.50  -4.248
3.447  3.00  -4.096
3.447  3.50  -3.945
3.447  4.00  -3.793
3.447  4.50  -3.642
3.447  5.00  -3.490
3.447  5.50  -3.339
3.447  6.00  -3.187
3.477   .00  -4.024
3.477   .50  -3.915
3.477  1.00  -3.805
3.477  1.50  -3.696
3.477  2.00  -3.587
3.477  2.50  -3.478
3.477  3.00  -3.369
3.477  3.50  -3.260
3.477  4.00  -3.150
3.477  4.50  -3.041
3.477  5.00  -2.932
3.477  5.50  -2.823
3.477  6.00  -2.714
3.512   .00  -2.965
3.512   .50  -2.900
3.512  1.00  -2.834
3.512  1.50  -2.769
3.512  2.00  -2.704
3.512  2.50  -2.639
3.512  3.00  -2.573
3.512  3.50  -2.508
3.512  4.00  -2.443
3.512  4.50  -2.378
3.512  5.00  -2.312
3.512  5.50  -2.247
3.512  6.00  -2.182
3.544   .00  -2.081
3.544   .50  -2.051
3.544  1.00  -2.021
3.544  1.50  -1.992
3.544  2.00  -1.962
3.544  2.50  -1.933
3.544  3.00  -1.903
3.544  3.50  -1.873
3.544  4.00  -1.844
3.544  4.50  -1.814
3.544  5.00  -1.785
3.544  5.50  -1.755
3.544  6.00  -1.726
3.574   .00  -1.378
3.574   .50  -1.375
3.574  1.00  -1.372
3.574  1.50  -1.370
3.574  2.00  -1.367
3.574  2.50  -1.364
3.574  3.00  -1.361
3.574  3.50  -1.357
3.574  4.00  -1.352
3.574  4.50  -1.348
3.574  5.00  -1.344
3.574  5.50  -1.340
3.574  6.00  -1.336
3.602   .00   -.855
3.602   .50   -.871
3.602  1.00   -.887
3.602  1.50   -.903
3.602  2.00   -.918
3.602  2.50   -.934
3.602  3.00   -.949
3.602  3.50   -.965
3.602  4.00   -.980
3.602  4.50   -.996
3.602  5.00  -1.012
3.602  5.50  -1.028
3.602  6.00  -1.043
3.628   .00   -.523
3.628   .50   -.544
3.628  1.00   -.564
3.628  1.50   -.583
3.628  2.00   -.600
3.628  2.50   -.617
3.628  3.00   -.638
3.628  3.50   -.668
3.628  4.00   -.703
3.628  4.50   -.737
3.628  5.00   -.768
3.628  5.50   -.798
3.628  6.00   -.827
3.653   .00   -.331
3.653   .50   -.348
3.653  1.00   -.363
3.653  1.50   -.376
3.653  2.00   -.384
3.653  2.50   -.392
3.653  3.00   -.410
3.653  3.50   -.449
3.653  4.00   -.500
3.653  4.50   -.546
3.653  5.00   -.587
3.653  5.50   -.626
3.653  6.00   -.661
3.699   .00   -.019
3.699   .50   -.043
3.699  1.00   -.064
3.699  1.50   -.083
3.699  2.00   -.098
3.699  2.50   -.112
3.699  3.00   -.135
3.699  3.50   -.178
3.699  4.00   -.232
3.699  4.50   -.281
3.699  5.00   -.321
3.699  5.50   -.356
3.699  6.00   -.384
3.740   .00    .238
3.740   .50    .199
3.740  1.00    .159
3.740  1.50    .121
3.740  2.00    .082
3.740  2.50    .045
3.740  3.00    .007
3.740  3.50   -.036
3.740  4.00   -.083
3.740  4.50   -.125
3.740  5.00   -.157
3.740  5.50   -.182
3.740  6.00   -.199
3.778   .00    .369
3.778   .50    .325
3.778  1.00    .277
3.778  1.50    .229
3.778  2.00    .177
3.778  2.50    .125
3.778  3.00    .077
3.778  3.50    .032
3.778  4.00   -.011
3.778  4.50   -.050
3.778  5.00   -.079
3.778  5.50   -.101
3.778  6.00   -.115
3.813   .00    .353
3.813   .50    .320
3.813  1.00    .283
3.813  1.50    .242
3.813  2.00    .197
3.813  2.50    .150
3.813  3.00    .104
3.813  3.50    .060
3.813  4.00    .017
3.813  4.50   -.022
3.813  5.00   -.056
3.813  5.50   -.085
3.813  6.00   -.108
3.845   .00    .297
3.845   .50    .272
3.845  1.00    .245
3.845  1.50    .216
3.845  2.00    .186
3.845  2.50    .151
3.845  3.00    .114
3.845  3.50    .074
3.845  4.00    .033
3.845  4.50   -.006
3.845  5.00   -.043
3.845  5.50   -.079
3.845  6.00   -.112
3.875   .00    .234
3.875   .50    .218
3.875  1.00    .201
3.875  1.50    .182
3.875  2.00    .163
3.875  2.50    .139
3.875  3.00    .112
3.875  3.50    .079
3.875  4.00    .043
3.875  4.50    .004
3.875  5.00   -.033
3.875  5.50   -.071
3.875  6.00   -.109
3.903   .00    .093
3.903   .50    .113
3.903  1.00    .123
3.903  1.50    .126
3.903  2.00    .118
3.903  2.50    .104
3.903  3.00    .085
3.903  3.50    .062
3.903  4.00    .034
3.903  4.50    .002
3.903  5.00   -.032
3.903  5.50   -.067
3.903  6.00   -.105
3.929   .00   -.144
3.929   .50   -.062
3.929  1.00   -.005
3.929  1.50    .031
3.929  2.00    .038
3.929  2.50    .033
3.929  3.00    .024
3.929  3.50    .011
3.929  4.00   -.006
3.929  4.50   -.027
3.929  5.00   -.052
3.929  5.50   -.080
3.929  6.00   -.112
3.954   .00   -.380
3.954   .50   -.249
3.954  1.00   -.156
3.954  1.50   -.092
3.954  2.00   -.071
3.954  2.50   -.068
3.954  3.00   -.070
3.954  3.50   -.074
3.954  4.00   -.081
3.954  4.50   -.091
3.954  5.00   -.104
3.954  5.50   -.120
3.954  6.00   -.140
3.978   .00   -.572
3.978   .50   -.414
3.978  1.00   -.299
3.978  1.50   -.220
3.978  2.00   -.189
3.978  2.50   -.181
3.978  3.00   -.179
3.978  3.50   -.178
3.978  4.00   -.178
3.978  4.50   -.179
3.978  5.00   -.183
3.978  5.50   -.188
3.978  6.00   -.194
4.000   .00   -.728
4.000   .50   -.554
4.000  1.00   -.426
4.000  1.50   -.336
4.000  2.00   -.299
4.000  2.50   -.288
4.000  3.00   -.285
4.000  3.50   -.283
4.000  4.00   -.281
4.000  4.50   -.279
4.000  5.00   -.278
4.000  5.50   -.277
4.000  6.00   -.276
4.041   .00   -.979
4.041   .50   -.786
4.041  1.00   -.644
4.041  1.50   -.544
4.041  2.00   -.501
4.041  2.50   -.487
4.041  3.00   -.485
4.041  3.50   -.484
4.041  4.00   -.483
4.041  4.50   -.482
4.041  5.00   -.481
4.041  5.50   -.480
4.041  6.00   -.479
4.079   .00  -1.196
4.079   .50   -.995
4.079  1.00   -.847
4.079  1.50   -.742
4.079  2.00   -.695
4.079  2.50   -.680
4.079  3.00   -.678
4.079  3.50   -.679
4.079  4.00   -.680
4.079  4.50   -.681
4.079  5.00   -.683
4.079  5.50   -.684
4.079  6.00   -.687
4.114   .00  -1.398
4.114   .50  -1.197
4.114  1.00  -1.048
4.114  1.50   -.943
4.114  2.00   -.896
4.114  2.50   -.881
4.114  3.00   -.879
4.114  3.50   -.881
4.114  4.00   -.883
4.114  4.50   -.885
4.114  5.00   -.887
4.114  5.50   -.890
4.114  6.00   -.893
4.146   .00  -1.602
4.146   .50  -1.405
4.146  1.00  -1.260
4.146  1.50  -1.159
4.146  2.00  -1.115
4.146  2.50  -1.103
4.146  3.00  -1.104
4.146  3.50  -1.107
4.146  4.00  -1.109
4.146  4.50  -1.111
4.146  5.00  -1.114
4.146  5.50  -1.117
4.146  6.00  -1.121
4.176   .00  -1.831
4.176   .50  -1.631
4.176  1.00  -1.483
4.176  1.50  -1.381
4.176  2.00  -1.338
4.176  2.50  -1.328
4.176  3.00  -1.333
4.176  3.50  -1.340
4.176  4.00  -1.343
4.176  4.50  -1.346
4.176  5.00  -1.349
4.176  5.50  -1.352
4.176  6.00  -1.356
4.204   .00  -2.022
4.204   .50  -1.815
4.204  1.00  -1.663
4.204  1.50  -1.557
4.204  2.00  -1.513
4.204  2.50  -1.505
4.204  3.00  -1.512
4.204  3.50  -1.521
4.204  4.00  -1.527
4.204  4.50  -1.530
4.204  5.00  -1.533
4.204  5.50  -1.535
4.204  6.00  -1.537
4.255   .00  -2.340
4.255   .50  -2.112
4.255  1.00  -1.945
4.255  1.50  -1.830
4.255  2.00  -1.783
4.255  2.50  -1.777
4.255  3.00  -1.791
4.255  3.50  -1.806
4.255  4.00  -1.816
4.255  4.50  -1.821
4.255  5.00  -1.824
4.255  5.50  -1.824
4.255  6.00  -1.822
4.301   .00  -2.605
4.301   .50  -2.345
4.301  1.00  -2.153
4.301  1.50  -2.022
4.301  2.00  -2.020
4.301  2.50  -2.016
4.301  3.00  -2.024
4.301  3.50  -2.050
4.301  4.00  -2.070
4.301  4.50  -2.083
4.301  5.00  -2.084
4.301  5.50  -2.084
4.301  6.00  -2.083
4.352   .00  -2.886
4.352   .50  -2.608
4.352  1.00  -2.402
4.352  1.50  -2.284
4.352  2.00  -2.284
4.352  2.50  -2.284
4.352  3.00  -2.284
4.352  3.50  -2.322
4.352  4.00  -2.353
4.352  4.50  -2.375
4.352  5.00  -2.375
4.352  5.50  -2.375
4.352  6.00  -2.375
4.398   .00  -3.124
4.398   .50  -2.846
4.398  1.00  -2.640
4.398  1.50  -2.522
4.398  2.00  -2.522
4.398  2.50  -2.522
4.398  3.00  -2.522
4.398  3.50  -2.567
4.398  4.00  -2.599
4.398  4.50  -2.628
4.398  5.00  -2.648
4.398  5.50  -2.648
4.398  6.00  -2.648
4.477   .00  -3.566
4.477   .50  -3.288
4.477  1.00  -3.082
4.477  1.50  -2.964
4.477  2.00  -2.964
4.477  2.50  -2.964
4.477  3.00  -2.964
4.477  3.50  -2.964
4.477  4.00  -3.010
4.477  4.50  -3.048
4.477  5.00  -3.070
4.477  5.50  -3.070
4.477  6.00  -3.070
4.544   .00  -3.978
4.544   .50  -3.700
4.544  1.00  -3.494
4.544  1.50  -3.376
4.544  2.00  -3.376
4.544  2.50  -3.376
4.544  3.00  -3.376
4.544  3.50  -3.376
4.544  4.00  -3.361
4.544  4.50  -3.382
4.544  5.00  -3.404
4.544  5.50  -3.404
4.544  6.00  -3.404
4.602   .00  -4.366
4.602   .50  -4.088
4.602  1.00  -3.882
4.602  1.50  -3.764
4.602  2.00  -3.764
4.602  2.50  -3.764
4.602  3.00  -3.764
4.602  3.50  -3.764
4.602  4.00  -3.764
4.602  4.50  -3.752
4.602  5.00  -3.748
4.602  5.50  -3.748
4.602  6.00  -3.748
4.653   .00  -4.732
4.653   .50  -4.454
4.653  1.00  -4.248
4.653  1.50  -4.130
4.653  2.00  -4.130
4.653  2.50  -4.130
4.653  3.00  -4.130
4.653  3.50  -4.130
4.653  4.00  -4.130
4.653  4.50  -4.130
4.653  5.00  -4.124
4.653  5.50  -4.124
4.653  6.00  -4.124
4.699   .00  -5.076
4.699   .50  -4.789
4.699  1.00  -4.592
4.699  1.50  -4.474
4.699  2.00  -4.474
4.699  2.50  -4.474
4.699  3.00  -4.474
4.699  3.50  -4.474
4.699  4.00  -4.474
4.699  4.50  -4.474
4.699  5.00  -4.472
4.699  5.50  -4.472
4.699  6.00  -4.472
