441
3.447   .00   3.046
3.447   .50   2.939
3.447  1.00   2.831
3.447  1.50   2.723
3.447  2.00   2.615
3.447  2.50   2.508
3.447  3.00   2.400
3.447  3.50   2.293
3.447  4.00   2.185
3.447  4.50   2.077
3.447  5.00   1.969
3.447  5.50   1.861
3.447  6.00   1.754
3.477   .00   2.460
3.477   .50   2.388
3.477  1.00   2.315
3.477  1.50   2.242
3.477  2.00   2.169
3.477  2.50   2.097
3.477  3.00   2.024
3.477  3.50   1.951
3.477  4.00   1.879
3.477  4.50   1.806
3.477  5.00   1.733
3.477  5.50   1.660
3.477  6.00   1.587
3.512   .00   1.835
3.512   .50   1.795
3.512  1.00   1.757
3.512  1.50   1.718
3.512  2.00   1.679
3.512  2.50   1.640
3.512  3.00   1.601
3.512  3.50   1.562
3.512  4.00   1.523
3.512  4.50   1.484
3.512  5.00   1.445
3.512  5.50   1.406
3.512  6.00   1.367
3.544   .00   1.325
3.544   .50   1.312
3.544  1.00   1.298
3.544  1.50   1.285
3.544  2.00   1.272
3.544  2.50   1.259
3.544  3.00   1.245
3.544  3.50   1.232
3.544  4.00   1.219
3.544  4.50   1.206
3.544  5.00   1.193
3.544  5.50   1.179
3.544  6.00   1.166
3.574   .00    .932
3.574   .50    .934
3.574  1.00    .936
3.574  1.50    .937
3.574  2.00    .939
3.574  2.50    .941
3.574  3.00    .943
3.574  3.50    .945
3.574  4.00    .947
3.574  4.50    .948
3.574  5.00    .950
3.574  5.50    .952
3.574  6.00    .954
3.602   .00    .665
3.602   .50    .676
3.602  1.00    .687
3.602  1.50    .697
3.602  2.00    .708
3.602  2.50    .719
3.602  3.00    .730
3.602  3.50    .741
3.602  4.00    .752
3.602  4.50    .762
3.602  5.00    .773
3.602  5.50    .784
3.602  6.00    .795
3.628   .00    .516
3.628   .50    .530
3.628  1.00    .544
3.628  1.50    .557
3.628  2.00    .570
3.628  2.50    .583
3.628  3.00    .596
3.628  3.50    .611
3.628  4.00    .627
3.628  4.50    .642
3.628  5.00    .656
3.628  5.50    .668
3.628  6.00    .679
3.653   .00    .448
3.653   .50    .461
3.653  1.00    .472
3.653  1.50    .483
3.653  2.00    .493
3.653  2.50    .503
3.653  3.00    .515
3.653  3.50    .530
3.653  4.00    .546
3.653  4.50    .562
3.653  5.00    .573
3.653  5.50    .582
3.653  6.00    .587
3.699   .00    .368
3.699   .50    .376
3.699  1.00    .384
3.699  1.50    .392
3.699  2.00    .399
3.699  2.50    .407
3.699  3.00    .415
3.699  3.50    .426
3.699  4.00    .439
3.699  4.50    .451
3.699  5.00    .459
3.699  5.50    .465
3.699  6.00    .467
3.740   .00    .300
3.740   .50    .306
3.740  1.00    .313
3.740  1.50    .320
3.740  2.00    .328
3.740  2.50    .337
3.740  3.00    .345
3.740  3.50    .354
3.740  4.00    .364
3.740  4.50    .374
3.740  5.00    .381
3.740  5.50    .387
3.740  6.00    .391
3.778   .00    .243
3.778   .50    .245
3.778  1.00    .250
3.778  1.50    .256
3.778  2.00    .265
3.778  2.50    .275
3.778  3.00    .284
3.778  3.50    .293
3.778  4.00    .302
3.778  4.50    .310
3.778  5.00    .318
3.778  5.50    .324
3.778  6.00    .329
3.813   .00    .196
3.813   .50    .195
3.813  1.00    .196
3.813  1.50    .200
3.813  2.00    .206
3.813  2.50    .215
3.813  3.00    .224
3.813  3.50    .235
3.813  4.00    .245
3.813  4.50    .255
3.813  5.00    .264
3.813  5.50    .273
3.813  6.00    .282
3.845   .00    .153
3.845   .50    .154
3.845  1.00    .155
3.845  1.50    .157
3.845  2.00    .159
3.845  2.50    .163
3.845  3.00    .171
3.845  3.50    .181
3.845  4.00    .192
3.845  4.50    .203
3.845  5.00    .217
3.845  5.50    .233
3.845  6.00    .250
3.875   .00    .114
3.875   .50    .119
3.875  1.00    .122
3.875  1.50    .124
3.875  2.00    .123
3.875  2.50    .123
3.875  3.00    .127
3.875  3.50    .134
3.875  4.00    .143
3.875  4.50    .155
3.875  5.00    .171
3.875  5.50    .190
3.875  6.00    .213
3.903   .00    .087
3.903   .50    .094
3.903  1.00    .097
3.903  1.50    .098
3.903  2.00    .095
3.903  2.50    .092
3.903  3.00    .092
3.903  3.50    .096
3.903  4.00    .101
3.903  4.50    .110
3.903  5.00    .123
3.903  5.50    .139
3.903  6.00    .160
3.929   .00    .080
3.929   .50    .080
3.929  1.00    .078
3.929  1.50    .076
3.929  2.00    .071
3.929  2.50    .067
3.929  3.00    .064
3.929  3.50    .064
3.929  4.00    .066
3.929  4.50    .070
3.929  5.00    .077
3.929  5.50    .086
3.929  6.00    .099
3.954   .00    .081
3.954   .50    .071
3.954  1.00    .062
3.954  1.50    .054
3.954  2.00    .049
3.954  2.50    .044
3.954  3.00    .040
3.954  3.50    .036
3.954  4.00    .035
3.954  4.50    .034
3.954  5.00    .036
3.954  5.50    .039
3.954  6.00    .043
3.978   .00    .073
3.978   .50    .056
3.978  1.00    .043
3.978  1.50    .033
3.978  2.00    .027
3.978  2.50    .022
3.978  3.00    .018
3.978  3.50    .013
3.978  4.00    .009
3.978  4.50    .005
3.978  5.00    .002
3.978  5.50   -.001
3.978  6.00   -.004
4.000   .00    .062
4.000   .50    .042
4.000  1.00    .027
4.000  1.50    .015
4.000  2.00    .008
4.000  2.50    .004
4.000  3.00    .000
4.000  3.50   -.005
4.000  4.00   -.010
4.000  4.50   -.015
4.000  5.00   -.020
4.000  5.50   -.025
4.000  6.00   -.031
4.041   .00    .051
4.041   .50    .025
4.041  1.00    .005
4.041  1.50   -.010
4.041  2.00   -.018
4.041  2.50   -.022
4.041  3.00   -.026
4.041  3.50   -.031
4.041  4.00   -.035
4.041  4.50   -.040
4.041  5.00   -.044
4.041  5.50   -.048
4.041  6.00   -.053
4.079   .00    .050
4.079   .50    .017
4.079  1.00   -.008
4.079  1.50   -.026
4.079  2.00   -.037
4.079  2.50   -.042
4.079  3.00   -.046
4.079  3.50   -.050
4.079  4.00   -.054
4.079  4.50   -.058
4.079  5.00   -.061
4.079  5.50   -.065
4.079  6.00   -.068
4.114   .00    .045
4.114   .50    .009
4.114  1.00   -.020
4.114  1.50   -.041
4.114  2.00   -.053
4.114  2.50   -.059
4.114  3.00   -.063
4.114  3.50   -.066
4.114  4.00   -.070
4.114  4.50   -.073
4.114  5.00   -.077
4.114  5.50   -.080
4.114  6.00   -.084
4.146   .00    .035
4.146   .50   -.003
4.146  1.00   -.033
4.146  1.50   -.055
4.146  2.00   -.068
4.146  2.50   -.074
4.146  3.00   -.077
4.146  3.50   -.080
4.146  4.00   -.084
4.146  4.50   -.086
4.146  5.00   -.089
4.146  5.50   -.092
4.146  6.00   -.095
4.176   .00    .033
4.176   .50   -.010
4.176  1.00   -.043
4.176  1.50   -.067
4.176  2.00   -.081
4.176  2.50   -.088
4.176  3.00   -.090
4.176  3.50   -.093
4.176  4.00   -.096
4.176  4.50   -.098
4.176  5.00   -.101
4.176  5.50   -.104
4.176  6.00   -.107
4.204   .00    .043
4.204   .50   -.006
4.204  1.00   -.045
4.204  1.50   -.074
4.204  2.00   -.091
4.204  2.50   -.099
4.204  3.00   -.101
4.204  3.50   -.103
4.204  4.00   -.106
4.204  4.50   -.108
4.204  5.00   -.111
4.204  5.50   -.113
4.204  6.00   -.115
4.255   .00    .084
4.255   .50    .014
4.255  1.00   -.040
4.255  1.50   -.081
4.255  2.00   -.105
4.255  2.50   -.116
4.255  3.00   -.119
4.255  3.50   -.120
4.255  4.00   -.121
4.255  4.50   -.123
4.255  5.00   -.125
4.255  5.50   -.128
4.255  6.00   -.130
4.301   .00    .161
4.301   .50    .062
4.301  1.00   -.016
4.301  1.50   -.074
4.301  2.00   -.110
4.301  2.50   -.126
4.301  3.00   -.129
4.301  3.50   -.129
4.301  4.00   -.130
4.301  4.50   -.131
4.301  5.00   -.133
4.301  5.50   -.135
4.301  6.00   -.137
4.352   .00   9.999
4.352   .50   9.999
4.352  1.00   9.999
4.352  1.50   9.999
4.352  2.00   9.999
4.352  2.50   9.999
4.352  3.00   9.999
4.352  3.50   9.999
4.352  4.00   9.999
4.352  4.50   9.999
4.352  5.00   9.999
4.352  5.50   9.999
4.352  6.00   9.999
4.398   .00   9.999
4.398   .50   9.999
4.398  1.00   9.999
4.398  1.50   9.999
4.398  2.00   9.999
4.398  2.50   9.999
4.398  3.00   9.999
4.398  3.50   9.999
4.398  4.00   9.999
4.398  4.50   9.999
4.398  5.00   9.999
4.398  5.50   9.999
4.398  6.00   9.999
4.477   .00   9.999
4.477   .50   9.999
4.477  1.00   9.999
4.477  1.50   9.999
4.477  2.00   9.999
4.477  2.50   9.999
4.477  3.00   9.999
4.477  3.50   9.999
4.477  4.00   9.999
4.477  4.50   9.999
4.477  5.00   9.999
4.477  5.50   9.999
4.477  6.00   9.999
4.544   .00   9.999
4.544   .50   9.999
4.544  1.00   9.999
4.544  1.50   9.999
4.544  2.00   9.999
4.544  2.50   9.999
4.544  3.00   9.999
4.544  3.50   9.999
4.544  4.00   9.999
4.544  4.50   9.999
4.544  5.00   9.999
4.544  5.50   9.999
4.544  6.00   9.999
4.602   .00   9.999
4.602   .50   9.999
4.602  1.00   9.999
4.602  1.50   9.999
4.602  2.00   9.999
4.602  2.50   9.999
4.602  3.00   9.999
4.602  3.50   9.999
4.602  4.00   9.999
4.602  4.50   9.999
4.602  5.00   9.999
4.602  5.50   9.999
4.602  6.00   9.999
4.653   .00   9.999
4.653   .50   9.999
4.653  1.00   9.999
4.653  1.50   9.999
4.653  2.00   9.999
4.653  2.50   9.999
4.653  3.00   9.999
4.653  3.50   9.999
4.653  4.00   9.999
4.653  4.50   9.999
4.653  5.00   9.999
4.653  5.50   9.999
4.653  6.00   9.999
4.699   .00   9.999
4.699   .50   9.999
4.699  1.00   9.999
4.699  1.50   9.999
4.699  2.00   9.999
4.699  2.50   9.999
4.699  3.00   9.999
4.699  3.50   9.999
4.699  4.00   9.999
4.699  4.50   9.999
4.699  5.00   9.999
4.699  5.50   9.999
4.699  6.00   9.999