G(x,y) = a + b*x + c*y +d*x*y
  a   2.37617E+01   b -6.03808E+00   c -3.18203E+00   d  8.18595E-01
  Fit quality =  2.54277E-01
441
3.447   .00     4.680
3.447   .50     4.362
3.447  1.00     4.044
3.447  1.50     3.725
3.447  2.00     3.407
3.447  2.50     3.089
3.447  3.00     2.771
3.447  3.50     2.453
3.447  4.00     2.134
3.447  4.50     1.816
3.447  5.00     1.498
3.447  5.50     1.180
3.447  6.00      .862
3.477   .00     4.156
3.477   .50     3.874
3.477  1.00     3.593
3.477  1.50     3.312
3.477  2.00     3.031
3.477  2.50     2.749
3.477  3.00     2.468
3.477  3.50     2.187
3.477  4.00     1.906
3.477  4.50     1.624
3.477  5.00     1.343
3.477  5.50     1.062
3.477  6.00      .781
3.512   .00     3.535
3.512   .50     3.304
3.512  1.00     3.073
3.512  1.50     2.842
3.512  2.00     2.611
3.512  2.50     2.381
3.512  3.00     2.150
3.512  3.50     1.919
3.512  4.00     1.688
3.512  4.50     1.457
3.512  5.00     1.226
3.512  5.50      .995
3.512  6.00      .764
3.544   .00     2.934
3.544   .50     2.756
3.544  1.00     2.578
3.544  1.50     2.399
3.544  2.00     2.221
3.544  2.50     2.043
3.544  3.00     1.865
3.544  3.50     1.687
3.544  4.00     1.509
3.544  4.50     1.331
3.544  5.00     1.153
3.544  5.50      .975
3.544  6.00      .796
3.574   .00     2.357
3.574   .50     2.241
3.574  1.00     2.124
3.574  1.50     2.006
3.574  2.00     1.887
3.574  2.50     1.768
3.574  3.00     1.647
3.574  3.50     1.527
3.574  4.00     1.406
3.574  4.50     1.285
3.574  5.00     1.162
3.574  5.50     1.039
3.574  6.00      .915
3.602   .00     1.782
3.602   .50     1.723
3.602  1.00     1.665
3.602  1.50     1.606
3.602  2.00     1.547
3.602  2.50     1.487
3.602  3.00     1.428
3.602  3.50     1.368
3.602  4.00     1.308
3.602  4.50     1.248
3.602  5.00     1.187
3.602  5.50     1.127
3.602  6.00     1.066
3.628   .00     1.324
3.628   .50     1.281
3.628  1.00     1.245
3.628  1.50     1.216
3.628  2.00     1.196
3.628  2.50     1.184
3.628  3.00     1.175
3.628  3.50     1.168
3.628  4.00     1.164
3.628  4.50     1.168
3.628  5.00     1.179
3.628  5.50     1.198
3.628  6.00     1.223
3.653   .00     1.062
3.653   .50      .991
3.653  1.00      .939
3.653  1.50      .905
3.653  2.00      .892
3.653  2.50      .898
3.653  3.00      .915
3.653  3.50      .935
3.653  4.00      .966
3.653  4.50     1.018
3.653  5.00     1.088
3.653  5.50     1.176
3.653  6.00     1.282
3.699   .00      .774
3.699   .50      .680
3.699  1.00      .607
3.699  1.50      .554
3.699  2.00      .522
3.699  2.50      .512
3.699  3.00      .518
3.699  3.50      .535
3.699  4.00      .568
3.699  4.50      .630
3.699  5.00      .715
3.699  5.50      .824
3.699  6.00      .956
3.740   .00      .583
3.740   .50      .508
3.740  1.00      .441
3.740  1.50      .384
3.740  2.00      .334
3.740  2.50      .297
3.740  3.00      .274
3.740  3.50      .264
3.740  4.00      .272
3.740  4.50      .301
3.740  5.00      .350
3.740  5.50      .420
3.740  6.00      .510
3.778   .00      .440
3.778   .50      .394
3.778  1.00      .345
3.778  1.50      .295
3.778  2.00      .239
3.778  2.50      .187
3.778  3.00      .142
3.778  3.50      .108
3.778  4.00      .087
3.778  4.50      .081
3.778  5.00      .093
3.778  5.50      .121
3.778  6.00      .165
3.813   .00      .309
3.813   .50      .306
3.813  1.00      .289
3.813  1.50      .261
3.813  2.00      .217
3.813  2.50      .167
3.813  3.00      .114
3.813  3.50      .063
3.813  4.00      .019
3.813  4.50     -.017
3.813  5.00     -.043
3.813  5.50     -.059
3.813  6.00     -.065
3.845   .00      .190
3.845   .50      .237
3.845  1.00      .263
3.845  1.50      .269
3.845  2.00      .252
3.845  2.50      .216
3.845  3.00      .167
3.845  3.50      .110
3.845  4.00      .050
3.845  4.50     -.009
3.845  5.00     -.066
3.845  5.50     -.122
3.845  6.00     -.177
3.875   .00      .039
3.875   .50      .134
3.875  1.00      .202
3.875  1.50      .246
3.875  2.00      .262
3.875  2.50      .254
3.875  3.00      .224
3.875  3.50      .175
3.875  4.00      .114
3.875  4.50      .045
3.875  5.00     -.032
3.875  5.50     -.116
3.875  6.00     -.209
3.903   .00     -.222
3.903   .50     -.063
3.903  1.00      .058
3.903  1.50      .146
3.903  2.00      .194
3.903  2.50      .216
3.903  3.00      .215
3.903  3.50      .191
3.903  4.00      .146
3.903  4.50      .082
3.903  5.00     -.002
3.903  5.50     -.104
3.903  6.00     -.226
3.929   .00     -.571
3.929   .50     -.325
3.929  1.00     -.137
3.929  1.50      .002
3.929  2.00      .074
3.929  2.50      .117
3.929  3.00      .142
3.929  3.50      .147
3.929  4.00      .128
3.929  4.50      .084
3.929  5.00      .013
3.929  5.50     -.083
3.929  6.00     -.206
3.954   .00     -.871
3.954   .50     -.554
3.954  1.00     -.314
3.954  1.50     -.136
3.954  2.00     -.046
3.954  2.50      .008
3.954  3.00      .046
3.954  3.50      .070
3.954  4.00      .075
3.954  4.50      .059
3.954  5.00      .024
3.954  5.50     -.029
3.954  6.00     -.101
3.978   .00    -1.075
3.978   .50     -.723
3.978  1.00     -.454
3.978  1.50     -.253
3.978  2.00     -.149
3.978  2.50     -.087
3.978  3.00     -.042
3.978  3.50     -.010
3.978  4.00      .009
3.978  4.50      .013
3.978  5.00      .012
3.978  5.50      .000
3.978  6.00     -.019
4.000   .00    -1.231
4.000   .50     -.857
4.000  1.00     -.570
4.000  1.50     -.355
4.000  2.00     -.241
4.000  2.50     -.174
4.000  3.00     -.125
4.000  3.50     -.088
4.000  4.00     -.061
4.000  4.50     -.045
4.000  5.00     -.033
4.000  5.50     -.027
4.000  6.00     -.027
4.041   .00    -1.449
4.041   .50    -1.052
4.041  1.00     -.748
4.041  1.50     -.520
4.041  2.00     -.396
4.041  2.50     -.324
4.041  3.00     -.273
4.041  3.50     -.231
4.041  4.00     -.198
4.041  4.50     -.173
4.041  5.00     -.155
4.041  5.50     -.143
4.041  6.00     -.139
4.079   .00    -1.600
4.079   .50    -1.194
4.079  1.00     -.881
4.079  1.50     -.647
4.079  2.00     -.520
4.079  2.50     -.446
4.079  3.00     -.396
4.079  3.50     -.356
4.079  4.00     -.323
4.079  4.50     -.297
4.079  5.00     -.277
4.079  5.50     -.265
4.079  6.00     -.259
4.114   .00    -1.743
4.114   .50    -1.322
4.114  1.00     -.999
4.114  1.50     -.757
4.114  2.00     -.624
4.114  2.50     -.548
4.114  3.00     -.498
4.114  3.50     -.461
4.114  4.00     -.430
4.114  4.50     -.407
4.114  5.00     -.389
4.114  5.50     -.377
4.114  6.00     -.371
4.146   .00    -1.922
4.146   .50    -1.472
4.146  1.00    -1.124
4.146  1.50     -.863
4.146  2.00     -.718
4.146  2.50     -.636
4.146  3.00     -.585
4.146  3.50     -.549
4.146  4.00     -.522
4.146  4.50     -.501
4.146  5.00     -.486
4.146  5.50     -.477
4.146  6.00     -.475
4.176   .00    -2.147
4.176   .50    -1.649
4.176  1.00    -1.263
4.176  1.50     -.973
4.176  2.00     -.807
4.176  2.50     -.713
4.176  3.00     -.660
4.176  3.50     -.625
4.176  4.00     -.599
4.176  4.50     -.581
4.176  5.00     -.568
4.176  5.50     -.562
4.176  6.00     -.563
4.204   .00    -2.331
4.204   .50    -1.796
4.204  1.00    -1.379
4.204  1.50    -1.066
4.204  2.00     -.884
4.204  2.50     -.781
4.204  3.00     -.725
4.204  3.50     -.691
4.204  4.00     -.666
4.204  4.50     -.649
4.204  5.00     -.638
4.204  5.50     -.633
4.204  6.00     -.636
4.255   .00    -2.695
4.255   .50    -2.078
4.255  1.00    -1.595
4.255  1.50    -1.231
4.255  2.00    -1.014
4.255  2.50     -.890
4.255  3.00     -.826
4.255  3.50     -.791
4.255  4.00     -.768
4.255  4.50     -.752
4.255  5.00     -.743
4.255  5.50     -.741
4.255  6.00     -.748
4.301   .00    -3.028
4.301   .50    -2.329
4.301  1.00    -1.777
4.301  1.50    -1.360
4.301  2.00    -1.105
4.301  2.50     -.958
4.301  3.00     -.904
4.301  3.50     -.859
4.301  4.00     -.833
4.301  4.50     -.818
4.301  5.00     -.809
4.301  5.50     -.804
4.301  6.00     -.813
4.352   .00    -3.400
4.352   .50    -2.610
4.352  1.00    -1.980
4.352  1.50    -1.504
4.352  2.00    -1.207
4.352  2.50    -1.034
4.352  3.00     -.968
4.352  3.50     -.921
4.352  4.00     -.893
4.352  4.50     -.878
4.352  5.00     -.869
4.352  5.50     -.863
4.352  6.00     -.871
4.398   .00    -3.733
4.398   .50    -2.861
4.398  1.00    -2.162
4.398  1.50    -1.633
4.398  2.00    -1.298
4.398  2.50    -1.102
4.398  3.00    -1.023
4.398  3.50     -.978
4.398  4.00     -.948
4.398  4.50     -.931
4.398  5.00     -.923
4.398  5.50     -.918
4.398  6.00     -.921
4.477   .00    -4.310
4.477   .50    -3.295
4.477  1.00    -2.477
4.477  1.50    -1.856
4.477  2.00    -1.455
4.477  2.50    -1.220
4.477  3.00    -1.083
4.477  3.50    -1.070
4.477  4.00    -1.036
4.477  4.50    -1.021
4.477  5.00    -1.012
4.477  5.50    -1.010
4.477  6.00    -1.010
4.544   .00    -4.797
4.544   .50    -3.662
4.544  1.00    -2.744
4.544  1.50    -2.045
4.544  2.00    -1.588
4.544  2.50    -1.319
4.544  3.00    -1.122
4.544  3.50    -1.122
4.544  4.00    -1.102
4.544  4.50    -1.086
4.544  5.00    -1.076
4.544  5.50    -1.076
4.544  6.00    -1.076
4.602   .00    -5.219
4.602   .50    -3.980
4.602  1.00    -2.974
4.602  1.50    -2.209
4.602  2.00    -1.704
4.602  2.50    -1.405
4.602  3.00    -1.131
4.602  3.50    -1.131
4.602  4.00    -1.131
4.602  4.50    -1.124
4.602  5.00    -1.120
4.602  5.50    -1.120
4.602  6.00    -1.120
4.653   .00    -5.591
4.653   .50    -4.261
4.653  1.00    -3.178
4.653  1.50    -2.353
4.653  2.00    -1.805
4.653  2.50    -1.481
4.653  3.00    -1.141
4.653  3.50    -1.141
4.653  4.00    -1.141
4.653  4.50    -1.141
4.653  5.00    -1.139
4.653  5.50    -1.139
4.653  6.00    -1.139
4.699   .00    -5.924
4.699   .50    -4.512
4.699  1.00    -3.360
4.699  1.50    -2.482
4.699  2.00    -1.896
4.699  2.50    -1.549
4.699  3.00    -1.153
4.699  3.50    -1.153
4.699  4.00    -1.153
4.699  4.50    -1.153
4.699  5.00    -1.151
4.699  5.50    -1.151
4.699  6.00    -1.151