G(x,y) = a + b*x + c*y +d*x*y
  a  -2.86185E+01   b  7.75978E+00   c  1.11741E-01   d -3.25913E-02
  Fit quality =  7.93418E+00
441
3.447   .00    2.050
3.447   .50    1.999
3.447  1.00    1.949
3.447  1.50    1.898
3.447  2.00    1.847
3.447  2.50    1.796
3.447  3.00    1.746
3.447  3.50    1.695
3.447  4.00    1.645
3.447  4.50    1.594
3.447  5.00    1.543
3.447  5.50    1.493
3.447  6.00    1.442
3.477   .00    1.752
3.477   .50    1.712
3.477  1.00    1.671
3.477  1.50    1.630
3.477  2.00    1.590
3.477  2.50    1.549
3.477  3.00    1.508
3.477  3.50    1.467
3.477  4.00    1.427
3.477  4.50    1.386
3.477  5.00    1.345
3.477  5.50    1.305
3.477  6.00    1.264
3.512   .00    1.424
3.512   .50    1.397
3.512  1.00    1.370
3.512  1.50    1.343
3.512  2.00    1.317
3.512  2.50    1.289
3.512  3.00    1.262
3.512  3.50    1.235
3.512  4.00    1.209
3.512  4.50    1.182
3.512  5.00    1.155
3.512  5.50    1.128
3.512  6.00    1.101
3.544   .00    1.138
3.544   .50    1.124
3.544  1.00    1.111
3.544  1.50    1.097
3.544  2.00    1.084
3.544  2.50    1.070
3.544  3.00    1.056
3.544  3.50    1.042
3.544  4.00    1.029
3.544  4.50    1.016
3.544  5.00    1.002
3.544  5.50     .988
3.544  6.00     .975
3.574   .00     .895
3.574   .50     .897
3.574  1.00     .900
3.574  1.50     .902
3.574  2.00     .904
3.574  2.50     .906
3.574  3.00     .907
3.574  3.50     .908
3.574  4.00     .909
3.574  4.50     .910
3.574  5.00     .911
3.574  5.50     .913
3.574  6.00     .915
3.602   .00     .694
3.602   .50     .708
3.602  1.00     .723
3.602  1.50     .738
3.602  2.00     .752
3.602  2.50     .767
3.602  3.00     .781
3.602  3.50     .795
3.602  4.00     .810
3.602  4.50     .824
3.602  5.00     .838
3.602  5.50     .853
3.602  6.00     .867
3.628   .00     .570
3.628   .50     .582
3.628  1.00     .596
3.628  1.50     .611
3.628  2.00     .627
3.628  2.50     .645
3.628  3.00     .665
3.628  3.50     .689
3.628  4.00     .715
3.628  4.50     .740
3.628  5.00     .761
3.628  5.50     .781
3.628  6.00     .799
3.653   .00     .514
3.653   .50     .513
3.653  1.00     .516
3.653  1.50     .523
3.653  2.00     .533
3.653  2.50     .546
3.653  3.00     .568
3.653  3.50     .596
3.653  4.00     .628
3.653  4.50     .659
3.653  5.00     .682
3.653  5.50     .701
3.653  6.00     .714
3.699   .00     .395
3.699   .50     .391
3.699  1.00     .391
3.699  1.50     .395
3.699  2.00     .402
3.699  2.50     .413
3.699  3.00     .432
3.699  3.50     .458
3.699  4.00     .487
3.699  4.50     .517
3.699  5.00     .538
3.699  5.50     .556
3.699  6.00     .567
3.740   .00     .259
3.740   .50     .269
3.740  1.00     .280
3.740  1.50     .293
3.740  2.00     .307
3.740  2.50     .322
3.740  3.00     .341
3.740  3.50     .361
3.740  4.00     .383
3.740  4.50     .407
3.740  5.00     .428
3.740  5.50     .447
3.740  6.00     .464
3.778   .00     .149
3.778   .50     .170
3.778  1.00     .191
3.778  1.50     .211
3.778  2.00     .231
3.778  2.50     .251
3.778  3.00     .270
3.778  3.50     .288
3.778  4.00     .306
3.778  4.50     .326
3.778  5.00     .346
3.778  5.50     .367
3.778  6.00     .388
3.813   .00     .075
3.813   .50     .099
3.813  1.00     .122
3.813  1.50     .145
3.813  2.00     .167
3.813  2.50     .188
3.813  3.00     .208
3.813  3.50     .226
3.813  4.00     .244
3.813  4.50     .262
3.813  5.00     .280
3.813  5.50     .299
3.813  6.00     .317
3.845   .00     .033
3.845   .50     .049
3.845  1.00     .067
3.845  1.50     .085
3.845  2.00     .107
3.845  2.50     .128
3.845  3.00     .149
3.845  3.50     .169
3.845  4.00     .189
3.845  4.50     .206
3.845  5.00     .223
3.845  5.50     .237
3.845  6.00     .251
3.875   .00     .040
3.875   .50     .032
3.875  1.00     .033
3.875  1.50     .040
3.875  2.00     .057
3.875  2.50     .076
3.875  3.00     .096
3.875  3.50     .117
3.875  4.00     .137
3.875  4.50     .156
3.875  5.00     .174
3.875  5.50     .191
3.875  6.00     .207
3.903   .00     .112
3.903   .50     .063
3.903  1.00     .033
3.903  1.50     .018
3.903  2.00     .024
3.903  2.50     .038
3.903  3.00     .054
3.903  3.50     .072
3.903  4.00     .090
3.903  4.50     .110
3.903  5.00     .132
3.903  5.50     .155
3.903  6.00     .179
3.929   .00     .227
3.929   .50     .128
3.929  1.00     .059
3.929  1.50     .016
3.929  2.00     .009
3.929  2.50     .015
3.929  3.00     .026
3.929  3.50     .037
3.929  4.00     .051
3.929  4.50     .068
3.929  5.00     .088
3.929  5.50     .111
3.929  6.00     .137
3.954   .00     .314
3.954   .50     .181
3.954  1.00     .087
3.954  1.50     .024
3.954  2.00     .006
3.954  2.50     .004
3.954  3.00     .008
3.954  3.50     .014
3.954  4.00     .022
3.954  4.50     .032
3.954  5.00     .045
3.954  5.50     .061
3.954  6.00     .079
3.978   .00     .351
3.978   .50     .207
3.978  1.00     .102
3.978  1.50     .030
3.978  2.00     .005
3.978  2.50    -.002
3.978  3.00    -.003
3.978  3.50    -.001
3.978  4.00     .002
3.978  4.50     .007
3.978  5.00     .014
3.978  5.50     .023
3.978  6.00     .034
4.000   .00     .369
4.000   .50     .218
4.000  1.00     .108
4.000  1.50     .032
4.000  2.00     .003
4.000  2.50    -.008
4.000  3.00    -.012
4.000  3.50    -.013
4.000  4.00    -.012
4.000  4.50    -.010
4.000  5.00    -.007
4.000  5.50    -.002
4.000  6.00     .005
4.041   .00     .381
4.041   .50     .223
4.041  1.00     .108
4.041  1.50     .027
4.041  2.00    -.006
4.041  2.50    -.019
4.041  3.00    -.025
4.041  3.50    -.028
4.041  4.00    -.030
4.041  4.50    -.031
4.041  5.00    -.031
4.041  5.50    -.030
4.041  6.00    -.028
4.079   .00     .367
4.079   .50     .211
4.079  1.00     .097
4.079  1.50     .017
4.079  2.00    -.015
4.079  2.50    -.028
4.079  3.00    -.034
4.079  3.50    -.038
4.079  4.00    -.041
4.079  4.50    -.043
4.079  5.00    -.043
4.079  5.50    -.043
4.079  6.00    -.041
4.114   .00     .354
4.114   .50     .200
4.114  1.00     .087
4.114  1.50     .007
4.114  2.00    -.024
4.114  2.50    -.037
4.114  3.00    -.043
4.114  3.50    -.047
4.114  4.00    -.050
4.114  4.50    -.052
4.114  5.00    -.052
4.114  5.50    -.052
4.114  6.00    -.050
4.146   .00     .354
4.146   .50     .197
4.146  1.00     .082
4.146  1.50     .000
4.146  2.00    -.032
4.146  2.50    -.046
4.146  3.00    -.052
4.146  3.50    -.056
4.146  4.00    -.058
4.146  4.50    -.060
4.146  5.00    -.061
4.146  5.50    -.062
4.146  6.00    -.063
4.176   .00     .375
4.176   .50     .208
4.176  1.00     .085
4.176  1.50    -.003
4.176  2.00    -.039
4.176  2.50    -.054
4.176  3.00    -.060
4.176  3.50    -.064
4.176  4.00    -.066
4.176  4.50    -.067
4.176  5.00    -.069
4.176  5.50    -.070
4.176  6.00    -.071
4.204   .00     .395
4.204   .50     .219
4.204  1.00     .089
4.204  1.50    -.004
4.204  2.00    -.044
4.204  2.50    -.061
4.204  3.00    -.067
4.204  3.50    -.070
4.204  4.00    -.072
4.204  4.50    -.073
4.204  5.00    -.075
4.204  5.50    -.077
4.204  6.00    -.079
4.255   .00     .452
4.255   .50     .254
4.255  1.00     .105
4.255  1.50    -.001
4.255  2.00    -.049
4.255  2.50    -.071
4.255  3.00    -.078
4.255  3.50    -.080
4.255  4.00    -.081
4.255  4.50    -.082
4.255  5.00    -.083
4.255  5.50    -.084
4.255  6.00    -.085
4.301   .00     .532
4.301   .50     .305
4.301  1.00     .134
4.301  1.50     .011
4.301  2.00    -.049
4.301  2.50    -.076
4.301  3.00    -.085
4.301  3.50    -.086
4.301  4.00    -.087
4.301  4.50    -.087
4.301  5.00    -.086
4.301  5.50    -.085
4.301  6.00    -.083
4.352   .00    9.999
4.352   .50    9.999
4.352  1.00    9.999
4.352  1.50    9.999
4.352  2.00    9.999
4.352  2.50    9.999
4.352  3.00    9.999
4.352  3.50    9.999
4.352  4.00    9.999
4.352  4.50    9.999
4.352  5.00    9.999
4.352  5.50    9.999
4.352  6.00    9.999
4.398   .00    9.999
4.398   .50    9.999
4.398  1.00    9.999
4.398  1.50    9.999
4.398  2.00    9.999
4.398  2.50    9.999
4.398  3.00    9.999
4.398  3.50    9.999
4.398  4.00    9.999
4.398  4.50    9.999
4.398  5.00    9.999
4.398  5.50    9.999
4.398  6.00    9.999
4.477   .00    9.999
4.477   .50    9.999
4.477  1.00    9.999
4.477  1.50    9.999
4.477  2.00    9.999
4.477  2.50    9.999
4.477  3.00    9.999
4.477  3.50    9.999
4.477  4.00    9.999
4.477  4.50    9.999
4.477  5.00    9.999
4.477  5.50    9.999
4.477  6.00    9.999
4.544   .00    9.999
4.544   .50    9.999
4.544  1.00    9.999
4.544  1.50    9.999
4.544  2.00    9.999
4.544  2.50    9.999
4.544  3.00    9.999
4.544  3.50    9.999
4.544  4.00    9.999
4.544  4.50    9.999
4.544  5.00    9.999
4.544  5.50    9.999
4.544  6.00    9.999
4.602   .00    9.999
4.602   .50    9.999
4.602  1.00    9.999
4.602  1.50    9.999
4.602  2.00    9.999
4.602  2.50    9.999
4.602  3.00    9.999
4.602  3.50    9.999
4.602  4.00    9.999
4.602  4.50    9.999
4.602  5.00    9.999
4.602  5.50    9.999
4.602  6.00    9.999
4.653   .00    9.999
4.653   .50    9.999
4.653  1.00    9.999
4.653  1.50    9.999
4.653  2.00    9.999
4.653  2.50    9.999
4.653  3.00    9.999
4.653  3.50    9.999
4.653  4.00    9.999
4.653  4.50    9.999
4.653  5.00    9.999
4.653  5.50    9.999
4.653  6.00    9.999
4.699   .00    9.999
4.699   .50    9.999
4.699  1.00    9.999
4.699  1.50    9.999
4.699  2.00    9.999
4.699  2.50    9.999
4.699  3.00    9.999
4.699  3.50    9.999
4.699  4.00    9.999
4.699  4.50    9.999
4.699  5.00    9.999
4.699  5.50    9.999
4.699  6.00    9.999
